add_table {
    VDD VDDPST POC DS OEN I PU PD PAD IE : PAD C
    # 1. OEN=0: 輸出模式 (PAD為輸出，輸入端的PAD填 -)
    1   1      0   0   0   0  0  0  -   0  : 0   0
    1   1      0   0   0   0  0  1  -   0  : 0   0
    1   1      0   0   0   0  1  0  -   0  : 0   0
    1   1      0   0   0   0  1  1  -   0  : 0   0
    1   1      0   1   0   0  0  0  -   0  : 0   0
    1   1      0   1   0   0  0  1  -   0  : 0   0
    1   1      0   1   0   0  1  0  -   0  : 0   0
    1   1      0   1   0   0  1  1  -   0  : 0   0
    
    1   1      0   0   0   1  0  0  -   1  : 1   1
    1   1      0   0   0   1  0  1  -   1  : 1   1
    1   1      0   0   0   1  1  0  -   1  : 1   1
    1   1      0   0   0   1  1  1  -   1  : 1   1
    1   1      0   1   0   1  0  0  -   1  : 1   1
    1   1      0   1   0   1  0  1  -   1  : 1   1
    1   1      0   1   0   1  1  0  -   1  : 1   1
    1   1      0   1   0   1  1  1  -   1  : 1   1

    1   1      0   0   0   1  0  0  -   0  : 1   0
    1   1      0   0   0   1  0  1  -   0  : 1   0
    1   1      0   0   0   1  1  0  -   0  : 1   0
    1   1      0   0   0   1  1  1  -   0  : 1   0
    1   1      0   1   0   1  0  0  -   0  : 1   0
    1   1      0   1   0   1  0  1  -   0  : 1   0
    1   1      0   1   0   1  1  0  -   0  : 1   0
    1   1      0   1   0   1  1  1  -   0  : 1   0

    # 2. OEN=1: 輸入/上拉/下拉模式 (輸入端的PAD有特定值，輸出端的PAD填 -)
    1   1      0   0/1 1   0/1 0/1 0/1 0   0/1 : -   0
    1   1      0   0/1 1   0/1 0/1 0/1 1   1   : -   1
    1   1      0   0/1 1   0/1 0   0/1 1   0   : -   0
    1   1      0   0/1 1   0/1 0   0   Z   0   : -   0
    1   1      0   0/1 1   0/1 0   0   Z   1   : -   X
    1   1      0   0/1 1   0/1 0   1   Z   0   : L   0
    1   1      0   0/1 1   0/1 0   1   Z   1   : L   0
    1   1      0   0/1 1   0/1 1   0   Z   0   : H   0
    1   1      0   0/1 1   0/1 1   0   Z   1   : H   1

    # 3. 特殊與電源異常狀態
    1   0      0   0/1 0/1 0/1 0/1 0/1 0/1 0/1 : X   0
    0   1      1   -   -   -   -   -   -   -   : Z   X
}
